# Created by Octave 3.8.1, Fri Nov 24 23:06:11 2017 JST <c5901@st127>
# name: lpf
# type: matrix
# rows: 1
# columns: 906
 5.3203125 5.40234375 5.265625 5.21484375 5.24609375 5.25390625 5.2109375 5.22265625 5.24609375 5.23046875 5.22265625 5.2109375 5.2265625 5.04296875 5.4453125 5.35546875 5.5078125 5.55078125 5.39453125 5.40234375 5.41796875 5.38671875 5.33203125 5.3359375 5.30859375 5.31640625 5.2890625 5.296875 5.3046875 5.12109375 5.25390625 5.41796875 5.33203125 5.28125 5.2265625 5.28125 5.265625 5.22265625 5.21484375 5.22265625 5.19921875 5.24609375 5.21875 5.1875 5.23046875 5.47265625 5.5390625 5.6171875 5.6015625 5.51171875 5.41015625 5.48828125 5.42578125 5.45703125 5.4453125 5.40625 5.40234375 5.34765625 5.3203125 5.359375 5.28125 5.4375 5.41796875 5.33984375 5.28515625 5.29296875 5.2578125 5.21484375 5.21875 5.26171875 5.2890625 5.3046875 5.32421875 5.29296875 5.078125 5.390625 5.45703125 5.50390625 5.50390625 5.39453125 5.39453125 5.38671875 5.33984375 5.25390625 5.33984375 5.2890625 5.32421875 5.28125 5.265625 5.20703125 5.34765625 5.3515625 5.42578125 5.3125 5.234375 5.31640625 5.28515625 5.25 5.25 5.28125 5.2734375 5.234375 5.2109375 5.2265625 5.1171875 5.375 5.359375 5.44140625 5.56640625 5.40625 5.4140625 5.40234375 5.31640625 5.33984375 5.29296875 5.28125 5.2265625 5.2578125 5.23046875 5.27734375 5.18359375 5.48828125 5.29296875 5.328125 5.28125 5.27734375 5.3359375 5.26953125 5.23828125 5.2265625 5.26171875 5.2421875 5.19921875 5.03125 5.46875 5.5078125 5.546875 5.4921875 5.41796875 5.375 5.4140625 5.37109375 5.40625 5.39453125 5.26171875 5.29296875 5.3125 5.12890625 5.421875 5.2578125 5.21484375 5.265625 5.2578125 5.234375 5.2578125 5.2265625 5.24609375 5.27734375 5.24609375 5.28515625 4.94140625 5.43359375 5.50390625 5.51171875 5.51171875 5.4609375 5.48046875 5.51953125 5.39453125 5.4609375 5.39453125 5.390625 5.3828125 5.375 5.2578125 5.265625 5.26953125 5.3046875 5.42578125 5.3203125 5.203125 5.3359375 5.296875 5.23828125 5.21875 5.28125 5.24609375 5.18359375 5 5.32421875 5.5 5.62890625 5.5390625 5.48046875 5.41015625 5.390625 5.390625 5.33984375 5.33203125 5.3359375 5.328125 5.5078125 5.015625 5.28125 5.296875 5.3125 5.2578125 5.2578125 5.2109375 5.23046875 5.2109375 5.18359375 5.15234375 5.16015625 5.2109375 4.9375 5.3984375 5.48046875 5.53515625 5.484375 5.46484375 5.4609375 5.41796875 5.3984375 5.33203125 5.31640625 5.3125 5.32421875 5.44921875 5.1953125 5.4375 5.3203125 5.22265625 5.24609375 5.29296875 5.25390625 5.1875 5.234375 5.2421875 5.2578125 5.234375 5.015625 4.9921875 5.45703125 5.4765625 5.609375 5.4453125 5.4140625 5.453125 5.3515625 5.37890625 5.30078125 5.31640625 5.3828125 5.3984375 5.13671875 5.2890625 5.43359375 5.25 5.13671875 5.24609375 5.28125 5.23046875 5.171875 5.20703125 5.2734375 5.19140625 5.15625 5.046875 5.3203125 5.51953125 5.6328125 5.58203125 5.4453125 5.4921875 5.5703125 5.46484375 5.40625 5.55859375 5.42578125 5.47265625 5.4921875 5.57421875 5.10546875 5.3828125 5.25390625 5.2421875 5.265625 5.3046875 5.234375 5.21875 5.19140625 5.1796875 5.203125 5.1953125 5.2578125 5.21875 5.0390625 5.26953125 5.65625 5.609375 5.58984375 5.4375 5.52734375 5.55078125 5.48046875 5.515625 5.48828125 5.49609375 5.4921875 5.4765625 5.58203125 5.3515625 5.3125 5.35546875 5.27734375 5.27734375 5.41015625 5.26953125 5.24609375 5.234375 5.21484375 5.2265625 5.18359375 5.203125 5.2890625 5.0078125 5.24609375 5.53515625 5.5 5.55078125 5.5625 5.4765625 5.55078125 5.56640625 5.49609375 5.49609375 5.46875 5.4140625 5.41015625 5.4375 5.12890625 5.3671875 5.3359375 5.29296875 5.20703125 5.359375 5.24609375 5.23828125 5.2109375 5.1796875 5.2265625 5.25 5.23828125 4.921875 5.5390625 5.53515625 5.49609375 5.515625 5.46484375 5.43359375 5.41015625 5.40625 5.42578125 5.3828125 5.34765625 5.25 5.3515625 5.328125 5.0625 5.3125 5.3984375 5.21875 5.3125 5.30078125 5.27734375 5.21484375 5.1875 5.21875 5.296875 5.171875 5.140625 5.12890625 5.26171875 5.51953125 5.53515625 5.63671875 5.52734375 5.5078125 5.47265625 5.46484375 5.41796875 5.36328125 5.4609375 5.3046875 5.36328125 5.36328125 5.1484375 5.4140625 5.328125 5.296875 5.359375 5.2578125 5.25390625 5.1953125 5.25390625 5.19140625 5.21484375 5.203125 5.21484375 5.15234375 5.22265625 5.4140625 5.45703125 5.4296875 5.6015625 5.515625 5.4296875 5.453125 5.38671875 5.36328125 5.26171875 5.36328125 5.31640625 5.2421875 4.91796875 5.265625 5.29296875 5.21484375 5.26171875 5.2421875 5.171875 5.17578125 5.14453125 5.1484375 5.16015625 5.09375 5.24609375 5.05078125 5.35546875 5.41796875 5.59375 5.5625 5.453125 5.40625 5.53125 5.51171875 5.40234375 5.41796875 5.515625 5.328125 5.3203125 5.22265625 5.1640625 5.29296875 5.36328125 5.21484375 5.34375 5.2421875 5.3125 5.296875 5.2265625 5.21484375 5.328125 5.21484375 5.0703125 5.23046875 5.45703125 5.60546875 5.59765625 5.5546875 5.5078125 5.4609375 5.53125 5.51953125 5.50390625 5.49609375 5.515625 5.47265625 5.421875 5.50390625 5.11328125 5.3046875 5.375 5.234375 5.2890625 5.30078125 5.28125 5.26953125 5.26953125 5.29296875 5.22265625 5.2109375 5.21484375 5.078125 5.3984375 5.54296875 5.65625 5.625 5.4609375 5.421875 5.515625 5.515625 5.484375 5.49609375 5.5703125 5.2109375 5.5859375 5.24609375 5.40234375 5.46875 5.23828125 5.234375 5.37109375 5.28515625 5.2265625 5.22265625 5.24609375 5.2109375 5.2265625 5.1796875 5.3046875 5.3046875 5.578125 5.6875 5.66796875 5.48046875 5.46484375 5.4453125 5.40625 5.3203125 5.375 5.2734375 5.3515625 5.12109375 5.23046875 5.27734375 5.20703125 5.234375 5.27734375 5.20703125 5.19140625 5.16796875 5.22265625 5.234375 5.0546875 5.18359375 5.05078125 5.2578125 5.44140625 5.55078125 5.59765625 5.5078125 5.46484375 5.46484375 5.43359375 5.4453125 5.31640625 5.3671875 5.34375 5.27734375 5.359375 5.078125 5.31640625 5.37109375 5.20703125 5.30859375 5.296875 5.2578125 5.2421875 5.265625 5.2734375 5.2265625 5.25390625 5.1953125 5.16015625 5.55078125 5.65234375 5.56640625 5.51953125 5.48046875 5.5078125 5.48046875 5.46484375 5.3984375 5.37109375 5.44140625 5.29296875 5.3203125 5.35546875 5.21484375 5.34765625 5.34765625 5.3203125 5.28125 5.2734375 5.2421875 5.23046875 5.1953125 5.1875 5.16796875 5.2109375 5.2265625 5.13671875 5.25390625 5.36328125 5.62109375 5.67578125 5.61328125 5.515625 5.4765625 5.52734375 5.52734375 5.44140625 5.38671875 5.40234375 5.265625 5.3359375 5.375 5.14453125 5.27734375 5.375 5.23828125 5.28125 5.19921875 5.2109375 5.2265625 5.21875 5.21484375 5.171875 5.23828125 5.19140625 5.16796875 5.3203125 5.484375 5.46875 5.60546875 5.484375 5.39453125 5.46875 5.38671875 5.35546875 5.33984375 5.30078125 5.37890625 5.2734375 5.37890625 5.17578125 5.31640625 5.4609375 5.21875 5.34375 5.27734375 5.3359375 5.26953125 5.2734375 5.29296875 5.23828125 5.21484375 5.1875 5.2578125 5.4296875 5.5546875 5.625 5.515625 5.453125 5.44921875 5.48046875 5.43359375 5.33203125 5.37109375 5.3515625 5.41796875 5.21484375 5.08984375 5.35546875 5.3125 5.36328125 5.30859375 5.30078125 5.25390625 5.26953125 5.26953125 5.1875 5.234375 5.2421875 5.015625 5.31640625 5.40625 5.53125 5.609375 5.4765625 5.421875 5.47265625 5.3984375 5.3984375 5.2890625 5.22265625 5.2421875 5.40234375 5.09375 5.26171875 5.359375 5.30078125 5.16015625 5.26171875 5.29296875 5.25390625 5.23046875 5.25 5.17578125 5.171875 5.05078125 5.2421875 5.359375 5.4375 5.58203125 5.59375 5.44140625 5.41796875 5.30859375 5.375 5.32421875 5.328125 5.28125 5.24609375 5.2265625 5.09765625 5.37890625 5.30859375 5.28125 5.26953125 5.2578125 5.23828125 5.2890625 5.265625 5.1484375 5.15625 5.2421875 5.14453125 5.2578125 5.4453125 5.53125 5.63671875 5.484375 5.38671875 5.47265625 5.38671875 5.34765625 5.39453125 5.375 5.1953125 5.36328125 5.14453125 5.41015625 5.36328125 5.16015625 5.23046875 5.28515625 5.25390625 5.20703125 5.265625 5.15625 5.1953125 5.02734375 5.2734375 5.3671875 5.4375 5.4765625 5.58984375 5.47265625 5.43359375 5.41015625 5.42578125 5.4140625 5.40625 5.35546875 5.37890625 5.23828125 5.33984375 5.39453125 5.28515625 5.36328125 5.28125 5.265625 