# Created by Octave 3.8.1, Fri Nov 24 23:06:10 2017 JST <c5901@st127>
# name: data_1d
# type: matrix
# rows: 1
# columns: 1162
 1391 1390 1371 1388 1375 1364 1356 1359 1351 1337 1333 1331 1349 1355 1410 1353 1353 1359 1353 1349 1322 1345 1344 1349 1339 1287 1380 1408 1392 1414 1393 1364 1381 1367 1357 1354 1338 1340 1346 1339 1339 1299 1362 1378 1356 1366 1348 1349 1356 1347 1346 1349 1352 1348 1340 1326 1398 1402 1414 1409 1398 1390 1378 1369 1364 1358 1342 1340 1339 1328 1317 1347 1324 1341 1364 1364 1376 1339 1349 1372 1359 1348 1349 1347 1346 1348 1332 1336 1423 1394 1413 1413 1404 1376 1380 1388 1346 1352 1352 1351 1341 1349 1343 1305 1341 1366 1357 1351 1355 1372 1341 1350 1342 1343 1335 1345 1338 1321 1334 1432 1408 1425 1418 1402 1387 1391 1379 1382 1360 1360 1357 1348 1357 1334 1317 1395 1376 1351 1351 1352 1353 1352 1338 1342 1331 1351 1349 1285 1382 1430 1443 1421 1398 1395 1377 1381 1379 1364 1352 1357 1347 1349 1340 1329 1389 1367 1368 1358 1351 1351 1353 1350 1356 1346 1349 1372 1340 1346 1409 1418 1431 1434 1399 1401 1388 1375 1362 1359 1351 1351 1365 1338 1296 1355 1357 1355 1351 1322 1342 1342 1338 1336 1342 1348 1349 1334 1333 1318 1347 1398 1400 1405 1417 1384 1399 1381 1361 1365 1360 1361 1358 1350 1347 1335 1294 1359 1369 1347 1359 1328 1337 1344 1354 1337 1325 1327 1338 1333 1321 1288 1374 1399 1389 1422 1403 1399 1401 1393 1374 1374 1371 1367 1364 1363 1338 1346 1362 1383 1348 1335 1343 1345 1334 1337 1343 1339 1337 1334 1338 1291 1394 1371 1410 1421 1381 1383 1387 1379 1365 1366 1359 1361 1354 1356 1358 1311 1345 1387 1365 1352 1338 1352 1348 1337 1335 1337 1331 1343 1336 1328 1339 1401 1418 1438 1434 1411 1385 1405 1389 1397 1394 1384 1383 1369 1362 1372 1352 1392 1387 1367 1353 1355 1346 1335 1336 1347 1354 1358 1363 1355 1300 1380 1397 1409 1409 1381 1381 1379 1367 1345 1367 1354 1363 1352 1348 1333 1369 1370 1389 1360 1340 1361 1353 1344 1344 1352 1350 1340 1334 1338 1310 1376 1372 1393 1425 1384 1386 1383 1361 1367 1355 1352 1338 1346 1339 1351 1327 1405 1355 1364 1352 1351 1366 1349 1341 1338 1347 1342 1331 1288 1400 1410 1420 1406 1387 1376 1386 1375 1384 1381 1347 1355 1360 1313 1388 1346 1335 1348 1346 1340 1346 1338 1343 1351 1343 1353 1265 1391 1409 1411 1411 1398 1403 1413 1381 1398 1381 1380 1378 1376 1346 1348 1349 1358 1389 1362 1332 1366 1356 1341 1336 1352 1343 1327 1280 1363 1408 1441 1418 1403 1385 1380 1380 1367 1365 1366 1364 1410 1284 1352 1356 1360 1346 1346 1334 1339 1334 1327 1319 1321 1334 1264 1382 1403 1417 1404 1399 1398 1387 1382 1365 1361 1360 1363 1395 1330 1392 1362 1337 1343 1355 1345 1328 1340 1342 1346 1340 1284 1278 1397 1402 1436 1394 1386 1396 1370 1377 1357 1361 1378 1382 1315 1354 1391 1344 1315 1343 1352 1339 1324 1333 1350 1329 1320 1292 1362 1413 1442 1429 1394 1406 1426 1399 1384 1423 1389 1401 1406 1427 1307 1378 1345 1342 1348 1358 1340 1336 1329 1326 1332 1330 1346 1336 1290 1349 1448 1436 1431 1392 1415 1421 1403 1412 1405 1407 1406 1402 1429 1370 1360 1371 1351 1351 1385 1349 1343 1340 1335 1338 1327 1332 1354 1282 1343 1417 1408 1421 1424 1402 1421 1425 1407 1407 1400 1386 1385 1392 1313 1374 1366 1355 1333 1372 1343 1341 1334 1326 1338 1344 1341 1260 1418 1417 1407 1412 1399 1391 1385 1384 1389 1378 1369 1344 1370 1364 1296 1360 1382 1336 1360 1357 1351 1335 1328 1336 1356 1324 1316 1313 1347 1413 1417 1443 1415 1410 1401 1399 1387 1373 1398 1358 1373 1373 1318 1386 1364 1356 1372 1346 1345 1330 1345 1329 1335 1332 1335 1319 1337 1386 1397 1390 1434 1412 1390 1396 1379 1373 1347 1373 1361 1342 1259 1348 1355 1335 1347 1342 1324 1325 1317 1318 1321 1304 1343 1293 1371 1387 1432 1424 1396 1384 1416 1411 1383 1387 1412 1364 1362 1337 1322 1355 1373 1335 1368 1342 1360 1356 1338 1335 1364 1335 1298 1339 1397 1435 1433 1422 1410 1398 1416 1413 1409 1407 1412 1401 1388 1409 1309 1358 1376 1340 1354 1357 1352 1349 1349 1355 1337 1334 1335 1300 1382 1419 1448 1440 1398 1388 1412 1412 1404 1407 1426 1334 1430 1343 1383 1400 1341 1340 1375 1353 1338 1337 1343 1334 1338 1326 1358 1358 1428 1456 1451 1403 1399 1394 1384 1362 1376 1350 1370 1311 1339 1351 1333 1340 1351 1333 1329 1323 1337 1340 1294 1327 1293 1346 1393 1421 1433 1410 1399 1399 1391 1394 1361 1374 1368 1351 1372 1300 1361 1375 1333 1359 1356 1346 1342 1348 1350 1338 1345 1330 1321 1421 1447 1425 1413 1403 1410 1403 1399 1382 1375 1393 1355 1362 1371 1335 1369 1369 1362 1352 1350 1342 1339 1330 1328 1323 1334 1338 1315 1345 1373 1439 1453 1437 1412 1402 1415 1415 1393 1379 1383 1348 1366 1376 1317 1351 1376 1341 1352 1331 1334 1338 1336 1335 1324 1341 1329 1323 1362 1404 1400 1435 1404 1381 1400 1379 1371 1367 1357 1377 1350 1377 1325 1361 1398 1336 1368 1351 1366 1349 1350 1355 1341 1335 1328 1346 1390 1422 1440 1412 1396 1395 1403 1391 1365 1375 1370 1387 1335 1303 1371 1360 1373 1359 1357 1345 1349 1349 1328 1340 1342 1284 1361 1384 1416 1436 1402 1388 1401 1382 1382 1354 1337 1342 1383 1304 1347 1372 1357 1321 1347 1355 1345 1339 1344 1325 1324 1293 1342 1372 1392 1429 1432 1393 1387 1359 1376 1363 1364 1352 1343 1338 1305 1377 1359 1352 1349 1346 1341 1354 1348 1318 1320 1342 1317 1346 1394 1416 1443 1404 1379 1401 1379 1369 1381 1376 1330 1373 1317 1385 1373 1321 1339 1353 1345 1333 1348 1320 1330 1287 1350 1374 1392 1402 1431 1401 1391 1385 1389 1386 1384 1371 1377 1341 1367 1381 1353 1373 1352 1348 1362 1350 1340 1351 1352 1331 1302 1372 1421 1423 1451 1423 1400 1426 1398 1396 1411 1396 1397 1354 1308 1370 1368 1367 1366 1348 1343 1346 1332 1324 1334 1348 1316 1360 1350 1435 1449 1456 1405 1400 1412 1394 1382 1377 1407 1378 1408 1309 1375 1352 1341 1357 1359 1350 1351 1353 1344 1342 1341 1292 1353 1381 1406 1412 1428 1393 1399 1401 1401 1414 1388 1378 1401 1331 1377 1339 1354 1380 1331 1351 1357 1357 1341 1346 1352 1351 1335 1331 1296 1346 1396 1383 1420 1445 1424 1404 1407 1400 1401 1409 1404 1407 1391 1384 1360 1358 1369 1358 1354 1368 1361 1370 1368 1371 1368 1358 1362 1361 1367 1371 1372


